1.0 0.853 0.902 0.533 
0.5 0.693 0.259 0.915 
0.6 0.374 0.918 0.163 
0.4 0.267 0.988 0.556 
0.5 0.421 0.295 0.553 
0.6 0.44 0.267 0.124 
0.6 0.447 0.282 0.085 
0.6 0.346 0.241 0.098 
0.4 0.216 0.89 0.255 
0.4 0.41 0.084 0.641 
0.4 0.497 0.264 0.284 
0.2 0.157 0.908 0.667 
0.3 0.239 0.376 0.644 
0.2 0.116 0.809 0.667 
0.2 0.138 0.788 0.667 
0.4 0.402 0.242 0.078 
0.4 0.339 0.217 0.108 
0.2 1.0 0.202 0.137 
0.4 0.314 0.275 0.0 
0.2 0.188 0.357 0.667 
0.2 0.178 0.334 0.667 
0.2 0.24 0.263 0.667 
0.2 0.242 0.267 0.667 
0.2 0.247 0.224 0.667 
0.2 0.122 0.335 0.667 
